535,18
535,19
535,13
535,16
535,7
535,8
535,5
535,6
535,20
535,14
529,13
529,22
529,5
535,12
3,2
3,1
3,3
10,123
10,265
10,79
10,223
10,5
10,173
10,287
10,2
10,3
11,14
11,5
11,15
9,7
9,5
9,2
9,3
8,12
8,15
8,17
8,4
8,13
8,2
8,3
535,21
535,17
535,15
535,10
535,9
535,4
535,3
535,1
532,16
532,15
532,14
532,13
532,12
532,11
532,9
532,8
532,7
532,6
532,5
532,4
532,3
532,1
529,20
529,19
529,18
529,17
529,16
529,15
529,14
529,11
529,10
529,9
529,8
529,7
529,6
529,4
529,3
529,1
526,16
526,15
526,14
526,13
526,12
526,11
526,10
526,9
526,8
526,7
526,6
526,5
526,4
526,3
526,1
20,3
20,2
20,1
19,2
19,1
12,3
19,3
12,2
12,1
11,30
11,29
11,28
11,27
11,26
11,25
11,24
11,23
11,22
11,21
11,20
11,19
11,18
11,17
11,16
11,11
11,10
11,9
11,8
11,7
11,6
11,4
11,3
11,2
11,1
